$ANSIBLE_VAULT;1.1;AES256
36336335373866616130323537326263313366316330313031626163616137356232306636396637
3533333862616365396236386632636135313065343161310a306539316366323337376463346266
37633635363561316536393332323239353064343337613664366230366239636562356237363430
3632316461663335340a356166376233316336303666633336633366623339313439366138373835
65636631363738316439623731306165356562653732633766616134306533376564343531353930
34363462636239333361643864373134653938656231366437333437393763633232343865616536
66343630303530633965346437353461336137663564383136363463393563623937663062666438
34353238356135363764376465366164613235363665326132653665613361633034333333316666
38366264633763363633653765373261656461363964313663653465363431666261643738636334
62336434333135633832366562306637386363643862626230353161613963346161326662333437
30643062626538616463626335656464636164396637366234366236343065643765343034316438
66313431336636633162343666346237613265616332343231643635346265656135333630613532
6338
